0.1987781954887218
0.4798864174159962
0.6322763842877426
0.7363937529578798
0.7827733080927591
0.8035967818267865
0.8390913393279698
0.8518693800283956
0.8556554661618552
0.8788452437292948
0.8731661145291055
0.8920965451964032
0.9077141504969238
0.8963558920965452
0.9062943681968765
0.9119734973970658
0.9067676289635589
0.914339801230478
0.9195456696639849
0.9096071935636536
0.9204921911973497
0.9256980596308566
0.9323237103644108
0.9280643634642688
0.930430667297681
0.9299574065309986
0.9247515380974917
0.9223852342640795
0.9384761003312825
0.9266445811642214
0.9252247988641742
0.9242782773308093
0.9285376242309512
0.9451017510648367
0.930430667297681
0.926171320397539
0.9351632749645055
0.9398958826313298
0.9318504495977283
0.9380028395646001
0.9327969711310933
0.9238050165641268
0.9266445811642214
0.9370563180312352
0.9394226218646474
0.930430667297681
0.9327969711310933
0.9408424041646948
0.934690014197823
0.9436819687647894
0.9394226218646474
0.934690014197823
0.9318504495977283
0.9413156649313772
0.9408424041646948
0.9398958826313298
0.9361097964978703
0.9413156649313772
0.9294841457643161
0.934690014197823
0.9294841457643161
0.9398958826313298
0.9351632749645055
0.942262186464742
0.938949361097965
0.9465215333648841
0.9365830572645528
0.9384761003312825
0.9365830572645528
0.9361097964978703
0.9327969711310933
0.9365830572645528
0.9394226218646474
0.9375295787979177
0.9252247988641742
0.9266445811642214
0.9318504495977283
0.9266445811642214
0.9427354472314246
0.9356365357311879
0.9323237103644108
0.9290108849976337
0.9299574065309986
0.926171320397539
0.9375295787979177
0.9398958826313298
0.9408424041646948
0.9294841457643161
0.9309039280643635
0.9313771888310459
0.9318504495977283
0.9181258873639375
0.9313771888310459
0.9342167534311405
0.9337434926644581
0.9195456696639849
0.9223852342640795
0.9332702318977757
0.9167061050638902
0.934690014197823
0.9365830572645528
0.9280643634642688
0.9361097964978703
0.9375295787979177
0.9195456696639849
0.9337434926644581
0.9247515380974917
0.9318504495977283
0.9309039280643635
0.9327969711310933
0.9318504495977283
0.9299574065309986
0.9318504495977283
0.9361097964978703
0.9337434926644581
0.9356365357311879
0.9323237103644108
0.9209654519640322
0.9247515380974917
0.9370563180312352
0.9361097964978703
0.9327969711310933
0.934690014197823
0.9356365357311879
0.9327969711310933
0.9266445811642214
0.927117841930904
0.9342167534311405
0.926171320397539
0.9252247988641742
0.9294841457643161
0.9351632749645055
0.9327969711310933
0.9323237103644108
0.9205827067669173
0.9294841457643161
0.9299574065309986
0.9275911026975864
0.9256980596308566
0.9223852342640795
0.9361097964978703
0.9280643634642688
0.926171320397539
0.9256980596308566
0.930430667297681
0.9285376242309512
0.927117841930904
0.9290108849976337
0.9242782773308093
0.9384761003312825
0.9034548035967819
0.9171793658305727
0.9152863227638429
0.9204921911973497
0.9252247988641742
0.930430667297681
0.9200189304306673
0.9238050165641268
0.9290108849976337
0.9337434926644581
0.9370563180312352
0.934690014197823
0.9256980596308566
0.8551822053951728
0.922858495030762
0.9171793658305727
0.9072408897302414
0.9275911026975864
0.9157595835305253
0.9148130619971604
0.9133932796971131
0.9337434926644581
0.9252247988641742
0.9256980596308566
0.9285376242309512
0.9209654519640322
0.9356365357311879
0.9247515380974917
0.9242782773308093
0.9072408897302414
0.9327969711310933
0.9327969711310933
0.9327969711310933
0.9096071935636536
0.9195456696639849
0.9105537150970184
0.934690014197823
0.9209654519640322
0.9096071935636536
0.9290108849976337
0.926171320397539
0.9256980596308566
0.8916232844297208
0.9223852342640795
0.922858495030762
0.9266445811642214
0.9252247988641742
0.926171320397539
0.9351632749645055
0.9375295787979177
