2.626838007367643
1.6026896892200981
1.1165840190223084
0.824965885731489
0.6581973259765223
0.6045327377513313
0.5159068293781345
0.4731510598697315
0.40822302234229946
0.3862363511693813
0.374762853864043
0.340381861980599
0.2821859007430652
0.313613360045126
0.2896199131316615
0.2750763559914064
0.2809360801352399
0.2823821466030016
0.2571148970576468
0.25680027577728104
0.24489442481568116
0.2136256831569859
0.20781712719647877
0.207811511956046
0.22008104575456328
0.22570320207518083
0.21217289178839796
0.21623254571884587
0.20724492793014726
0.2231378374414997
0.24584102521836101
0.22664174169982518
0.22078339948058487
0.20377403842545322
0.21325190669176405
0.20490292468717805
0.20923910600566725
0.20897040160005262
0.21913256662709563
0.2078134590456356
0.19316153669022082
0.2338058621703281
0.2466446513855954
0.2185587779536378
0.21302073648372657
0.21441001752218872
0.21621199078343092
0.18753026435623307
0.19676463466562538
0.19068547447290937
0.20913975954520883
0.2139214323599985
0.21285679000074173
0.19168021118459438
0.19009740180127724
0.21611690381199228
0.20533262494571553
0.21931421076984692
0.22399088652472604
0.23759546536156467
0.23385955027396707
0.18856267430641063
0.22564431163733803
0.20909319409358115
0.203821847306755
0.19317994035173947
0.22839500947484734
0.21684131035127252
0.21674173778554154
0.20998144206131242
0.24179544334660844
0.20624325779003633
0.2098965904623425
0.22482704965728517
0.23399051734955803
0.24830800936664457
0.24387333001209782
0.2515234153521922
0.19472626104422655
0.22896855337310795
0.21171322106782628
0.24900203047255057
0.23269819583290996
0.2617164186466004
0.24086899263409645
0.19719268542133608
0.2244118503530691
0.26040442009362724
0.2570850583757183
0.2709206983582498
0.24571251733558253
0.2803383599427937
0.23705850012417065
0.2345902545577496
0.25055308976720614
0.24089967610477128
0.26256954847225433
0.24106996354958377
0.2926127681398967
0.2700170206550279
0.2384708754383768
0.236548675917498
0.24079807503902612
0.22842539710746845
0.2798179838031427
0.24269979645540685
0.2983183637728595
0.21181603100033156
0.23603640268197562
0.2507688064003637
0.2463059177953126
0.23307948555225233
0.24784732094731016
0.2456824763308218
0.2456813633915024
0.2374870198594461
0.2715743395701074
0.2823279150676482
0.2982811780567217
0.2523589484458939
0.22897340545022637
0.2578728573541261
0.23768136925632605
0.24596464308051835
0.2804887284349207
0.27021749885431046
0.2716421080733153
0.2544287056045769
0.29623195471289393
0.28936919943621453
0.3104427223953507
0.24613148628825676
0.2617184264258443
0.27065887420691914
0.3023953046774699
0.2955506659212923
0.27732655578523996
0.2928821378487453
0.2611139152085512
0.29496794082642674
0.228386972437208
0.26400203712226605
0.30927196107901744
0.3245383056743423
0.24161271836544987
0.27781951376349556
0.29852665399273504
0.26179776750606343
0.3229519496771026
0.2497608710616486
0.41241802515330805
0.3370491159978793
0.3160698008925686
0.3530101115617193
0.34741702111982264
0.29087679596735777
0.3390672311111972
0.3690568057659765
0.31426904440458825
0.29900032984188385
0.27833762101350307
0.26187839852871514
0.35210981551518195
0.5929054819678755
0.3217408497198218
0.31109065191654645
0.40720607311928964
0.3115700023662161
0.3374918980633142
0.40833480827858226
0.3901206738690939
0.3095644233907389
0.3511535522492636
0.29332761962957005
0.31271180559026424
0.3240080536015894
0.2634299381849121
0.3222446308527025
0.31775019434506063
0.46298451000710716
0.33573625646791094
0.30455749402403604
0.24774573005900838
0.3775811684696595
0.29482102497255036
0.3932464341393327
0.30751210160097275
0.358684671457981
0.49666250196086764
0.33510755531459047
0.304272043378826
0.339938561739813
0.5114980594851046
0.40653016153349714
0.2964060199724004
0.3372551567986311
0.2990732960486856
0.3291668972154301
0.3278703230617136
0.2929155533784363
